nand
|   a   |   b   |  out  |
|   0   |   0   |   1   |
|   0   |   1   |   1   |
|   1   |   0   |   1   |
|   1   |   1   |   0   |

and
|   a   |   b   |  out  |
|   0   |   0   |   0   |
|   0   |   1   |   0   |
|   1   |   0   |   0   |
|   1   |   1   |   1   |

or
|   a   |   b   |  out  |
|   0   |   0   |   0   |
|   0   |   1   |   1   |
|   1   |   0   |   1   |
|   1   |   1   |   1   |

xor
|   a   |   b   |  out  |
|   0   |   0   |   0   |
|   0   |   1   |   1   |
|   1   |   0   |   1   |
|   1   |   1   |   0   |
